1.29178577213 283.351146152 24.6009998322
0.476836801249 1176.55305688 23.6449999809
0.318636009069 472.912695978 23.3429999352
0.300157585543 1520.77178044 18.0329999924
0.251028967549 237.419654142 26.3010001183
0.141724260811 988.001959872 26.3629999161
0.190688209429 433.229016937 22.0839998722
0.109638584872 1555.76082786 25.0269999504
0.110537459437 558.002322627 25.7159998417
0.125797621488 1553.05885112 24.242000103
0.0994600228164 4389.50663309 27.5879998207
0.105837125084 421.368287359 25.1010000706
0.106122290147 1520.29837273 23.8550000191
0.0958443826017 1786.51625332 22.6499998569
0.0853344522029 865.14108509 24.7190001011
0.0914764993188 734.312713178 21.9530000687
0.0654553055485 1534.31450874 22.1009998322
0.0633742966704 877.565298608 26.0
0.061922142963 385.681912331 25.9819998741
0.0664422869085 790.044630744 33.9600000381
