10.1835098398  75.6889998913
11.8517341513  78.7890000343
17.3904515915  77.4270000458
11.9156280638  75.2580001354
14.1487563084  85.503000021
17.9517739585  85.7920000553
14.168914242  87.7950000763
16.4388883253  88.1210000515
13.3534810785  81.3099999428
20.0065461281  82.4560000896
14.8240940346  91.8650000095
14.0379162469  82.6500000954
19.9284243565  84.6870000362
13.659406479  55.9289999008
18.7549869103  51.7869999409
15.6427536197  51.1239998341
15.9399575722  54.0299999714
12.3986046678  54.7430000305
17.7813298071  53.9079999924
12.9279605591  59.4449999332
